>MA0260.1	che-1	max_score:7.69739981367	score_cutoff:0.958193518407
0.001	0.997	0.997	0.5124864864864865	0.001	0.001
0.001	0.001	0.001	0.001	0.997	0.7012972972972973
0.997	0.001	0.001	0.4855135135135135	0.001	0.2967027027027027
0.001	0.001	0.001	0.001	0.001	0.001
>MA0261.1	lin-14	max_score:7.14254048616	score_cutoff:0.844756457662
0.0010000000000000002	0.9970000000000001	0.9970000000000001	0.0010000000000000002	0.5283018867924528	0.0379746835443038
0.0010000000000000002	0.0010000000000000002	0.0010000000000000002	0.9970000000000001	0.0440251572327044	0.5316455696202531
0.9970000000000001	0.0010000000000000002	0.0010000000000000002	0.0010000000000000002	0.3522012578616352	0.18354430379746836
0.0010000000000000002	0.0010000000000000002	0.0010000000000000002	0.0010000000000000002	0.07547169811320754	0.2468354430379747
>MA0262.1	mab-3	max_score:13.9669564073	score_cutoff:0.0639476833245
0.76	0.8582800000000002	0.001	0.001	0.001	0.001	0.001	0.001	0.13	0.61938	0.49950000000000006	0.29	0.08
0.03	0.0010000000000000002	0.00998	0.001	0.001	0.001	0.001	0.9969999999999999	0.19	0.0010000000000000002	0.0010000000000000002	0.13	0.08
0.13	0.0010000000000000002	0.001	0.9969999999999999	0.001	0.001	0.9969999999999999	0.001	0.67	0.10989	0.05994000000000001	0.22	0.1
0.08	0.13972	0.98802	0.001	0.997	0.997	0.001	0.001	0.01	0.26973	0.43956	0.36	0.74
>MA0263.1	ceh-10::ttx-3	max_score:15.3160697357	score_cutoff:0.079381972488
0.9635862068965516	0.001	0.034413793103448276	0.3097241379310345	0.001	0.06896551724137931	0.10344827586206896	0.034448275862068965	0.4817931034482758	0.13779310344827586	0.001	0.001	0.8267586206896551	0.5167241379310344
0.001	0.001	0.001	0.001	0.001	0.5517241379310345	0.1724137931034483	0.17224137931034483	0.5162068965517241	0.10334482758620689	0.001	0.06882758620689655	0.034448275862068965	0.001
0.034413793103448276	0.034413793103448276	0.001	0.6882758620689655	0.9635862068965517	0.034482758620689655	0.034482758620689655	0.001	0.001	0.7578620689655172	0.001	0.001	0.001	0.31003448275862067
0.001	0.9635862068965517	0.9635862068965517	0.001	0.034413793103448276	0.3448275862068966	0.6896551724137931	0.7923103448275862	0.001	0.001	0.997	0.9291724137931034	0.13779310344827586	0.17224137931034483
>MA0264.1	ceh-22	max_score:11.5303806369	score_cutoff:0.433758838465
0.336734693877551	0.08155102040816327	0.001	0.9384545454545455	0.010183673469387755	0.0009999999999999998	0.001	0.07142857142857142	0.9576767676767678	0.46938775510204084	0.5204081632653061
0.15306122448979592	0.723765306122449	0.9063469387755103	0.010090909090909091	0.9878163265306124	0.0009999999999999998	0.16129292929292932	0.2755102040816326	0.001	0.29591836734693877	0.20408163265306123
0.3163265306122449	0.19368367346938778	0.001	0.001	0.001	0.0009999999999999998	0.001	0.6428571428571429	0.001	0.20408163265306123	0.15306122448979592
0.19387755102040816	0.001	0.09165306122448981	0.05045454545454546	0.001	0.997	0.8367070707070708	0.01020408163265306	0.04032323232323233	0.030612244897959183	0.12244897959183673
>MA0537.1	blmp-1	max_score:10.8981461751	score_cutoff:0.711614613745
0.5656716152019002	0.9171342042755344	0.8670273159144893	0.9529596199524941	0.24975	0.3435273159144893	0.001	0.9970000000000001	0.6314937648456057	0.9138714370546318	0.5181116389548693
0.001	0.001	0.001	0.001	0.001	0.09946555819477435	0.001	0.0010000000000000002	0.001	0.001	0.03800475059382423
0.43232838479809976	0.07889964370546318	0.1309726840855107	0.04504038004750594	0.6110273159144893	0.16270783847980996	0.997	0.0010000000000000002	0.322124109263658	0.07534026128266033	0.4106294536817102
0.001	0.0029661520190023753	0.001	0.001	0.1382226840855107	0.39429928741092635	0.001	0.0010000000000000002	0.04538212589073634	0.009788301662707838	0.0332541567695962
>MA0538.1	daf-12	max_score:15.3023010164	score_cutoff:0.35612757499
0.14102564102564102	0.4546730769230769	0.2111153846153846	0.14743589743589744	0.001	0.0009999999999999998	0.001	0.09615384615384616	0.001	0.006397435897435897	0.001	0.001	0.20492307692307693	0.10897435897435898	0.10897435897435898
0.1282051282051282	0.001	0.0009999999999999998	0.3333333333333333	0.001	0.33266666666666667	0.001	0.16025641025641027	0.1280769230769231	0.0009999999999999998	0.006403846153846154	0.5059038461538462	0.001	0.1282051282051282	0.27564102564102566
0.7243589743589743	0.08325	0.7868846153846153	0.038461538461538464	0.997	0.0009999999999999998	0.997	0.08974358974358974	0.6211730769230769	0.0009999999999999998	0.9861923076923077	0.10246153846153847	0.537923076923077	0.1794871794871795	0.358974358974359
0.00641025641025641	0.46107692307692305	0.0009999999999999998	0.4807692307692308	0.001	0.6653333333333333	0.001	0.6538461538461539	0.24975	0.991602564102564	0.006403846153846154	0.39063461538461536	0.2561538461538462	0.5833333333333334	0.2564102564102564
>MA0540.1	dpy-27	max_score:17.300571318	score_cutoff:0.0
0.001	0.09090909090909091	0.04540909090909091	0.04540909090909091	0.001	0.001	0.001	0.001	0.045454545454545456	0.001	0.0009999999999999998	0.13636363636363635	0.7258181818181817	0.3632727272727273	0.4086818181818182	0.5449090909090909
0.27245454545454545	0.36363636363636365	0.001	0.8627727272727272	0.997	0.997	0.001	0.001	0.8636363636363636	0.001	0.9526363636363635	0.13636363636363635	0.0009999999999999998	0.001	0.001	0.04540909090909091
0.13622727272727272	0.36363636363636365	0.13622727272727272	0.001	0.001	0.001	0.001	0.6350909090909092	0.045454545454545456	0.997	0.0009999999999999998	0.5909090909090909	0.0009999999999999998	0.13622727272727272	0.27245454545454545	0.4086818181818182
0.5903181818181819	0.18181818181818182	0.8173636363636364	0.09081818181818183	0.001	0.001	0.997	0.3629090909090909	0.045454545454545456	0.001	0.045363636363636356	0.13636363636363635	0.27218181818181814	0.4995	0.31786363636363635	0.001
>MA0541.1	efl-1	max_score:14.3109356606	score_cutoff:0.160495787106
0.300090661831369	0.2669990933816863	0.2629193109700816	0.15956482320942883	0.04170444242973708	0.02762420670897552	0.004981414324569356	0.001	0.001	0.06022982774252039	0.9501359927470535	0.9116047144152312	0.6455122393472348	0.3155031731640979	0.14460562103354488
0.3345421577515866	0.17724388032638258	0.3621940163191296	0.14233907524932005	0.5213055303717135	0.009962828649138711	0.9926600181323662	0.001	0.5605267452402538	0.2843934723481414	0.024932003626473256	0.011786038077969175	0.06210335448776065	0.09700815956482321	0.17633726201269265
0.08794197642792384	0.3676337262012693	0.07524932003626474	0.39664551223934724	0.40480507706255664	0.9614129646418857	0.0013585675430643697	0.997	0.43747325475974613	0.6543766999093381	0.008159564823209429	0.07071622846781506	0.08023572076155938	0.07751586582048957	0.15956482320942883
0.2774252039891206	0.18812330009066183	0.299637352674524	0.3014505893019039	0.03218495013599275	0.001	0.001	0.001	0.001	0.001	0.016772438803263828	0.0058930190389845875	0.21214868540344514	0.5099728014505893	0.5194922937443336
>MA0542.1	elt-3	max_score:9.79588739135	score_cutoff:0.29462691777
0.0009999999999999998	0.001	0.001	0.001	0.9969999999999999	0.001	0.0009999999999999998	0.9969999999999999
0.1492853185595568	0.5977396121883657	0.001	0.001	0.0009999999999999998	0.001	0.9969999999999999	0.0009999999999999998
0.0009999999999999998	0.1715734072022161	0.001	0.001	0.0009999999999999998	0.001	0.0009999999999999998	0.0009999999999999998
0.8487146814404432	0.2296869806094183	0.997	0.997	0.0009999999999999998	0.997	0.0009999999999999998	0.0009999999999999998
>MA0543.1	eor-1	max_score:15.7264890885	score_cutoff:0.468829051502
0.3503591380686353	0.3647246608140463	0.7494014365522745	0.10614525139664804	0.9615275339185955	0.07972865123703113	0.9201915403032721	0.20909816440542697	0.3423782920989625	0.189146049481245	0.9439872306464485	0.05899920191540303	0.9337589784517158	0.16121308858739025	0.7773343974461293
0.13487629688747008	0.10614525139664804	0.0710295291300878	0.0015961691939345571	0.0007972865123703112	0.001	0.009577015163607342	0.4764565043894653	0.035115722266560255	0.43655227454110135	0.032688747007182765	0.022324022346368717	0.0023942537909018356	0.2681564245810056	0.020750199521149242
0.3407821229050279	0.39664804469273746	0.1332801276935355	0.888268156424581	0.001	0.8977446129289706	0.055865921787709494	0.25458898643256184	0.5538707102952913	0.3216280925778133	0.022324022346368717	0.9176767757382283	0.05905826017557861	0.547486033519553	0.14684756584197925
0.1739824421388667	0.13248204309656825	0.04628890662410216	0.0039904229848363925	0.03667517956903432	0.021526735833998403	0.014365522745411013	0.05985634477254589	0.06863527533918595	0.052673583399840386	0.001	0.001	0.004788507581803671	0.02314445331205108	0.05506783719074222
>MA0544.1	snpc-4	max_score:15.5843758572	score_cutoff:0.102070516909
0.2903225806451613	0.00967741935483871	0.001	0.0064451612903225815	0.009667741935483871	0.025806451612903226	0.012903225806451613	0.03870967741935484	0.0009999999999999998	0.0322258064516129	0.001	0.12580645161290321
0.02258064516129032	0.10967741935483871	0.001	0.0064451612903225815	0.9828870967741936	0.03870967741935484	0.0064516129032258064	0.8258064516129032	0.5768419354838709	0.001	0.9442161290322582	0.20967741935483872
0.5645161290322581	0.00967741935483871	0.997	0.001	0.001	0.896774193548387	0.964516129032258	0.04838709677419355	0.0966774193548387	0.953883870967742	0.0032225806451612908	0.11935483870967742
0.12258064516129032	0.8709677419354839	0.001	0.986109677419355	0.0064451612903225815	0.03870967741935484	0.016129032258064516	0.08709677419354839	0.32548064516129027	0.012890322580645163	0.05156129032258065	0.5451612903225806
>MA0545.1	hlh-1	max_score:12.100668405	score_cutoff:0.402448811457
0.18635170603674542	0.8023464566929134	0.7585301837270341	0.0009999999999999998	0.9969999999999998	0.1784776902887139	0.06036745406824147	0.001	0.0009999999999999998	0.2545931758530184	0.001
0.3648293963254593	0.05768503937007874	0.03937007874015748	0.9969999999999998	0.0009999999999999998	0.03412073490813648	0.6929133858267716	0.007858267716535432	0.0009999999999999998	0.1968503937007874	0.6843543307086614
0.3884514435695538	0.13896850393700785	0.1889763779527559	0.0009999999999999998	0.0009999999999999998	0.7795275590551181	0.031496062992125984	0.001	0.997	0.2020997375328084	0.05768503937007874
0.06036745406824147	0.001	0.013123359580052493	0.0009999999999999998	0.0009999999999999998	0.007874015748031496	0.2152230971128609	0.9901417322834645	0.0009999999999999998	0.3464566929133858	0.25696062992125984
>MA0546.1	pha-4	max_score:10.1438171039	score_cutoff:0.485870620907
0.5786287128712871	0.5281841584158417	0.5311514851485148	0.04051287128712871	0.001	0.8517584158415841	0.9970000000000001	0.9970000000000001	0.001	0.9970000000000001
0.07022673267326733	0.0010000000000000002	0.0010000000000000002	0.001	0.4021643564356436	0.14624158415841582	0.001	0.001	0.6155980198019801	0.001
0.0010000000000000002	0.465870297029703	0.07813960396039604	0.9574871287128712	0.001	0.001	0.001	0.001	0.001	0.001
0.35014455445544557	0.004945544554455446	0.3897089108910891	0.001	0.5958356435643565	0.001	0.001	0.001	0.38240198019801974	0.001
>MA0547.1	skn-1	max_score:14.5788097434	score_cutoff:0.329203322997
0.5974842767295597	0.7452830188679245	0.6572327044025157	0.8419245283018869	0.10062893081761007	0.001	0.8333333333333334	0.06276729559748427	0.0010000000000000002	0.9970000000000001	0.09748427672955975	0.7822358490566037	0.7532075471698113	0.4371069182389937	0.2893081761006289
0.13522012578616352	0.03773584905660377	0.07547169811320754	0.001	0.11320754716981132	0.053352201257861644	0.11006289308176101	0.001	0.0010000000000000002	0.0010000000000000002	0.5628930817610063	0.0009999999999999998	0.001	0.050314465408805034	0.11635220125786164
0.1949685534591195	0.12264150943396226	0.17295597484276728	0.05026415094339623	0.08176100628930817	0.9446477987421384	0.015723270440251572	0.001	0.9970000000000001	0.0010000000000000002	0.06918238993710692	0.0879622641509434	0.001	0.0660377358490566	0.16666666666666666
0.07232704402515723	0.09433962264150944	0.09433962264150944	0.10681132075471698	0.7044025157232704	0.001	0.040880503144654086	0.9352327044025157	0.0010000000000000002	0.0010000000000000002	0.27044025157232704	0.12880188679245283	0.24479245283018866	0.44654088050314467	0.4276729559748428
>MA0918.1	unc-62	max_score:10.3425708491	score_cutoff:0.579500767329
0.21678321678321677	0.718	0.139	0.253	0.001	0.001	0.001	0.093812	0.8051948051948052	0.15615615615615616	0.2047952047952048	0.22677322677322678
0.21678321678321677	0.094	0.383	0.601	0.001	0.001	0.001	0.9041880000000001	0.03396603396603397	0.2552552552552553	0.2047952047952048	0.22677322677322678
0.34965034965034963	0.094	0.432	0.024	0.001	0.997	0.001	0.001	0.03396603396603397	0.24424424424424424	0.2047952047952048	0.22677322677322678
0.21678321678321677	0.094	0.046	0.122	0.997	0.001	0.997	0.001	0.12687312687312688	0.34434434434434436	0.3856143856143856	0.3196803196803197
>MA0919.1	dsc-1	max_score:8.46002607807	score_cutoff:0.5442309437
0.3303303303303303	0.11411411411411411	0.06293706293706294	0.8178178178178178	0.96	0.012	0.06306306306306306	0.7862137862137862	0.33433433433433435	0.17417417417417416
0.1991991991991992	0.40540540540540543	0.13786213786213786	0.05305305305305305	0.012	0.016	0.06606606606606606	0.012987012987012988	0.14614614614614616	0.2962962962962963
0.2962962962962963	0.14614614614614616	0.012987012987012988	0.06606606606606606	0.016	0.012	0.05305305305305305	0.13786213786213786	0.40540540540540543	0.1991991991991992
0.17417417417417416	0.33433433433433435	0.7862137862137862	0.06306306306306306	0.012	0.96	0.8178178178178178	0.06293706293706294	0.11411411411411411	0.3303303303303303
>MA0920.1	fkh-2	max_score:8.66999535283	score_cutoff:0.623713749709
0.416	0.028942	0.8263440000000001	0.9410570570570571	0.9969999999999999	0.056943	0.9969999999999999	0.4344344344344344
0.001	0.0009999999999999998	0.171656	0.001	0.001	0.9130860000000001	0.001	0.2172172172172172
0.541	0.0009999999999999998	0.001	0.001	0.001	0.001	0.001	0.13113113113113112
0.042	0.969058	0.001	0.05694294294294294	0.001	0.028971	0.001	0.2172172172172172
>MA0921.1	ceh-48	max_score:6.63596673303	score_cutoff:0.723226733659
0.395	0.442	0.054	0.09490509490509491	0.3863863863863864	0.930069	0.025948	0.5344655344655345	0.34234234234234234
0.143	0.138	0.358	0.7882117882117882	0.036036036036036036	0.000999	0.0009999999999999998	0.13486513486513488	0.21421421421421422
0.268	0.196	0.054	0.054945054945054944	0.5115115115115115	0.001	0.0009999999999999998	0.12787212787212787	0.18218218218218218
0.194	0.224	0.534	0.061938061938061936	0.06606606606606606	0.067932	0.9720519999999999	0.20279720279720279	0.26126126126126126
>MA0922.1	ces-2	max_score:10.1943122812	score_cutoff:0.310629024055
0.990990990990991	0.001998001998001998	0.167	0.994005994005994	0.001998001998001998	0.498	0.002	0.994005994005994	0.990990990990991
0.003003003003003003	0.001998001998001998	0.002	0.001998001998001998	0.6633366633366633	0.002	0.167	0.001998001998001998	0.003003003003003003
0.003003003003003003	0.001998001998001998	0.002	0.001998001998001998	0.001998001998001998	0.498	0.002	0.001998001998001998	0.003003003003003003
0.003003003003003003	0.994005994005994	0.829	0.001998001998001998	0.33266733266733267	0.002	0.829	0.001998001998001998	0.003003003003003003
>MA0923.1	lim-4	max_score:8.15488239368	score_cutoff:0.682638291862
0.274	0.112	0.022	0.852	0.9790209790209791	0.007007007007007007	0.00999000999000999	0.939	0.514
0.238	0.403	0.291	0.117	0.006993006993006993	0.004004004004004004	0.1028971028971029	0.01	0.052
0.312	0.304	0.006	0.02	0.011988011988011988	0.003003003003003003	0.04895104895104895	0.013	0.331
0.176	0.181	0.681	0.011	0.001998001998001998	0.985985985985986	0.8381618381618382	0.038	0.103
>MA0924.1	pal-1	max_score:8.82685801592	score_cutoff:0.504134948632
0.091	0.000999000999000999	0.921	0.997002997002997	0.000999000999000999	0.5374625374625375	0.997002997002997	0.886
0.001	0.3076923076923077	0.077	0.000999000999000999	0.000999000999000999	0.000999000999000999	0.000999000999000999	0.112
0.907	0.000999000999000999	0.001	0.000999000999000999	0.000999000999000999	0.000999000999000999	0.000999000999000999	0.001
0.001	0.6903096903096904	0.001	0.000999000999000999	0.997002997002997	0.46053946053946054	0.000999000999000999	0.001
>MA0925.1	sma-4	max_score:10.5364765961	score_cutoff:0.573243994274
0.331	0.273	0.033	0.0009999999999999998	0.082834	0.001	0.001	0.21457	0.027	0.36	0.217
0.223	0.228	0.033	0.0009999999999999998	0.001	0.997	0.001	0.001	0.027	0.242	0.349
0.223	0.3	0.033	0.9151659999999999	0.001	0.001	0.001	0.7834300000000001	0.836	0.256	0.217
0.223	0.199	0.901	0.08283399999999999	0.915166	0.001	0.997	0.001	0.11	0.142	0.217
>MA0926.1	unc-86	max_score:9.49160729911	score_cutoff:0.383971801617
0.499	0.001	0.997	0.001	0.001	0.091	0.997	0.001001001001001001
0.001	0.001	0.001	0.001	0.001	0.907	0.001	0.001001001001001001
0.25	0.001	0.001	0.091	0.907	0.001	0.001	0.001001001001001001
0.25	0.997	0.001	0.907	0.091	0.001	0.001	0.996996996996997
>MA0927.1	vab-7	max_score:8.40298383821	score_cutoff:0.636883863542
0.212	0.017982	0.787	0.990016	0.001	0.008	0.8931060000000001	0.613
0.6	0.116883	0.165	0.007984	0.02395204795204795	0.024	0.001	0.227
0.153	0.001	0.032	0.001	0.007984015984015984	0.136	0.096903	0.053
0.035	0.864135	0.016	0.001	0.9670639360639361	0.832	0.008991	0.107
>MA0928.1	zfh-2	max_score:9.76433135233	score_cutoff:0.474695993947
0.322	0.34534534534534533	0.061	0.001	0.997	0.997	0.001	0.001	0.928	0.2017982017982018	0.2702702702702703
0.226	0.23323323323323322	0.213	0.001	0.001	0.001	0.001	0.001	0.024	0.09490509490509491	0.1891891891891892
0.226	0.26626626626626626	0.061	0.001	0.001	0.001	0.001	0.001	0.024	0.6083916083916084	0.2702702702702703
0.226	0.15515515515515516	0.665	0.997	0.001	0.001	0.997	0.997	0.024	0.09490509490509491	0.2702702702702703
